# Blender v3.1.2 OBJ File: 'dock_00.blend'
# www.blender.org
mtllib dock_00.mtl
o Cube
v 0.544448 0.167623 -1.511535
v 0.545314 -0.010711 -1.520453
v 0.469363 0.014383 1.545558
v 0.470229 -0.163950 1.536641
v -0.470229 0.163950 -1.536641
v -0.469363 -0.014383 -1.545558
v -0.545314 0.010711 1.520453
v -0.544448 -0.167623 1.511535
vt 0.572764 0.938019
vt 0.590333 0.938019
vt 0.590333 0.955588
vt 0.572764 0.955588
vt 0.555196 0.955588
vt 0.572764 0.973156
vt 0.555196 0.973156
vt 0.555196 0.902883
vt 0.572764 0.902883
vt 0.572764 0.920451
vt 0.555196 0.920451
vt 0.537628 0.938019
vt 0.555196 0.938019
vt 0.537628 0.955588
vn -0.0049 0.9987 0.0499
vn -0.0245 -0.0500 0.9984
vn -0.9997 -0.0036 -0.0247
vn 0.0049 -0.9987 -0.0499
vn 0.9997 0.0036 0.0247
vn 0.0245 0.0500 -0.9984
usemtl Material
s off
f 1/1/1 5/2/1 7/3/1 3/4/1
f 4/5/2 3/4/2 7/6/2 8/7/2
f 8/8/3 7/9/3 5/10/3 6/11/3
f 6/12/4 2/13/4 4/5/4 8/14/4
f 2/13/5 1/1/5 3/4/5 4/5/5
f 6/11/6 5/10/6 1/1/6 2/13/6
o Cube.001
v 1.683882 0.043623 -1.431649
v 1.683882 -0.134830 -1.425953
v 1.829187 0.133156 1.373512
v 1.829187 -0.045297 1.379208
v 0.670460 0.045297 -1.379208
v 0.670460 -0.133156 -1.373512
v 0.815764 0.134830 1.425953
v 0.815764 -0.043623 1.431649
vt 0.572764 0.938019
vt 0.590333 0.938019
vt 0.590333 0.955588
vt 0.572764 0.955588
vt 0.555196 0.955588
vt 0.572764 0.973156
vt 0.555196 0.973156
vt 0.555196 0.902883
vt 0.572764 0.902883
vt 0.572764 0.920451
vt 0.555196 0.920451
vt 0.537628 0.938019
vt 0.555196 0.938019
vt 0.537628 0.955588
vn 0.0000 0.9995 -0.0319
vn 0.0517 0.0319 0.9982
vn -0.9987 0.0016 0.0517
vn -0.0000 -0.9995 0.0319
vn 0.9987 -0.0016 -0.0517
vn -0.0517 -0.0319 -0.9982
usemtl Material
s off
f 9/15/7 13/16/7 15/17/7 11/18/7
f 12/19/8 11/18/8 15/20/8 16/21/8
f 16/22/9 15/23/9 13/24/9 14/25/9
f 14/26/10 10/27/10 12/19/10 16/28/10
f 10/27/11 9/15/11 11/18/11 12/19/11
f 14/25/12 13/24/12 9/15/12 10/27/12
o Cube.002
v 2.983832 0.074688 -1.534374
v 2.996798 -0.103309 -1.528685
v 2.987071 0.172729 1.525450
v 3.000037 -0.005267 1.531140
v 2.029422 0.005267 -1.531140
v 2.042388 -0.172729 -1.525450
v 2.032662 0.103309 1.528685
v 2.045628 -0.074688 1.534374
vt 0.572764 0.938019
vt 0.590333 0.938019
vt 0.590333 0.955588
vt 0.572764 0.955588
vt 0.555196 0.955588
vt 0.572764 0.973156
vt 0.555196 0.973156
vt 0.555196 0.902883
vt 0.572764 0.902883
vt 0.572764 0.920451
vt 0.555196 0.920451
vt 0.537628 0.938019
vt 0.555196 0.938019
vt 0.537628 0.955588
vn -0.0726 0.9969 -0.0319
vn 0.0011 0.0320 0.9995
vn -0.9974 -0.0725 0.0034
vn 0.0726 -0.9969 0.0319
vn 0.9974 0.0725 -0.0034
vn -0.0011 -0.0320 -0.9995
usemtl Material
s off
f 17/29/13 21/30/13 23/31/13 19/32/13
f 20/33/14 19/32/14 23/34/14 24/35/14
f 24/36/15 23/37/15 21/38/15 22/39/15
f 22/40/16 18/41/16 20/33/16 24/42/16
f 18/41/17 17/29/17 19/32/17 20/33/17
f 22/39/18 21/38/18 17/29/18 18/41/18
o Cube.003
v 2.702007 -6.860796 -1.025025
v 2.702007 -0.005220 -1.025025
v 2.702007 -6.860796 -1.213440
v 2.702007 -0.005220 -1.213440
v 2.890422 -6.860796 -1.025025
v 2.890422 -0.005220 -1.025025
v 2.890422 -6.860796 -1.213440
v 2.890422 -0.005220 -1.213440
vt 0.555196 0.902883
vt 0.572764 0.902883
vt 0.572764 0.920451
vt 0.555196 0.920451
vt 0.572764 0.938019
vt 0.555196 0.938019
vt 0.572764 0.955588
vt 0.555196 0.955588
vt 0.572764 0.973156
vt 0.555196 0.973156
vt 0.537628 0.938019
vt 0.537628 0.955588
vt 0.590333 0.938019
vt 0.590333 0.955588
vn -1.0000 0.0000 0.0000
vn 0.0000 0.0000 -1.0000
vn 1.0000 0.0000 0.0000
vn 0.0000 0.0000 1.0000
vn 0.0000 -1.0000 0.0000
vn 0.0000 1.0000 0.0000
usemtl Material
s off
f 25/43/19 26/44/19 28/45/19 27/46/19
f 27/46/20 28/45/20 32/47/20 31/48/20
f 31/48/21 32/47/21 30/49/21 29/50/21
f 29/50/22 30/49/22 26/51/22 25/52/22
f 27/53/23 31/48/23 29/50/23 25/54/23
f 32/47/24 28/55/24 26/56/24 30/49/24
o Cube.004
v 2.702007 -6.860796 1.364801
v 2.702007 -0.005220 1.364801
v 2.702007 -6.860796 1.176386
v 2.702007 -0.005220 1.176386
v 2.890422 -6.860796 1.364801
v 2.890422 -0.005220 1.364801
v 2.890422 -6.860796 1.176386
v 2.890422 -0.005220 1.176386
vt 0.555196 0.902883
vt 0.572764 0.902883
vt 0.572764 0.920451
vt 0.555196 0.920451
vt 0.572764 0.938019
vt 0.555196 0.938019
vt 0.572764 0.955588
vt 0.555196 0.955588
vt 0.572764 0.973156
vt 0.555196 0.973156
vt 0.537628 0.938019
vt 0.537628 0.955588
vt 0.590333 0.938019
vt 0.590333 0.955588
vn -1.0000 0.0000 0.0000
vn 0.0000 0.0000 -1.0000
vn 1.0000 0.0000 0.0000
vn 0.0000 0.0000 1.0000
vn 0.0000 -1.0000 0.0000
vn 0.0000 1.0000 0.0000
usemtl Material
s off
f 33/57/25 34/58/25 36/59/25 35/60/25
f 35/60/26 36/59/26 40/61/26 39/62/26
f 39/62/27 40/61/27 38/63/27 37/64/27
f 37/64/28 38/63/28 34/65/28 33/66/28
f 35/67/29 39/62/29 37/64/29 33/68/29
f 40/61/30 36/69/30 34/70/30 38/63/30
